Нормированные метрики по колонкам:
A/MSE: 0.000272
A/MAE: 0.012942
A/R2: 0.999728
R/MSE: 0.000511
R/MAE: 0.018189
R/R2: 0.999489
