Денормированные метрики по колонкам:
A/MSE: 0.001309
A/MAE: 0.028370
A/R2: 0.999728
R/MSE: 0.004337
R/MAE: 0.053007
R/R2: 0.999489
