Нормированные метрики по колонкам:
A/MSE: 0.003434
A/MAE: 0.045033
A/R2: 0.996566
R/MSE: 0.002887
R/MAE: 0.040683
R/R2: 0.997113
