Денормированные метрики по колонкам:
A/MSE: 0.016503
A/MAE: 0.098717
A/R2: 0.996566
R/MSE: 0.024522
R/MAE: 0.118560
R/R2: 0.997113
