Денормированные метрики по колонкам:
A/MSE: 0.001609
A/MAE: 0.030798
A/R2: 0.999665
R/MSE: 0.004691
R/MAE: 0.053345
R/R2: 0.999448
