Нормированные метрики по колонкам:
A/MSE: 0.000335
A/MAE: 0.014049
A/R2: 0.999665
R/MSE: 0.000552
R/MAE: 0.018305
R/R2: 0.999448
